1,0
2,9.64
3,44.32
4,83.28
5,98.16
6,91.4
7,65
8,51.72
9,71.68
10,91.72
11,91.56
12,73.84
13,59.72
14,69.36
15,87.88
16,91
17,77.92
18,64.12
19,68.68
20,83.6
21,89.64
22,81.04
23,65.6
24,65.48
25,80.32
26,88.88
27,83.08
28,72
29,68.96
30,79.2
31,88.64
32,81.92
33,68
34,62.84
35,75
36,89.32
37,87
38,72.8
39,61.76
40,69.64
41,87
42,89.48
43,77.68
44,63.96
45,65.6
46,81.8
47,90.56
48,83.68
49,70.6
50,68.16
51,78.4
52,88.52
53,84.4
54,73.28
55,69.92
56,78.6
57,87.04
58,84.64
59,75.6
60,69.96
61,76.24
62,85.2
63,83.28
64,74.96
65,71.4
66,75.72
67,84.12
68,84.56
69,78.04
70,74.6
71,78.52
72,84.8
73,84.08
74,76.16
75,70.28
76,74.24
77,81.16
78,82.4
79,76.4
80,69.76
81,73.48
82,82.16
83,86.2
84,80.68
85,72
86,72.36
87,79.6
88,85.44
89,82.16
90,74.28
91,73.44
92,79.16
93,83.6
94,81.44
95,73.68
96,73.48
97,81.04
98,86.08
99,84.68
100,76.16
101,71.68
