Čas [rok],Obsadená časť [%]
1,0
2,10.16
3,19.96
4,25.4
5,49.52
6,62.16
7,64.24
8,83.16
9,83.6
10,78.08
11,88
12,87.04
13,80.84
14,87.52
15,86.64
16,81.88
17,87.16
18,86.92
19,83.36
20,87.2
21,87.8
22,85.32
23,86.12
24,87.92
25,86.52
26,86.84
27,88.16
28,86.96
29,85.32
30,89.24
31,86.96
32,88.52
33,87.52
34,86.68
35,88
36,85.72
37,88.48
38,89.16
39,87.48
40,89.04
41,88.92
42,87.16
43,88.6
44,88.4
45,88.08
46,88.44
47,88.16
48,88.44
49,87.64
50,88.44
51,89.68
52,87.52
53,89.12
54,89.88
55,88.16
56,88.84
57,89.76
58,87.92
59,88.2
60,89.48
61,87.88
62,87.76
63,89.12
64,87.64
65,87.56
66,89
67,88.92
68,86.28
69,88.52
70,88.44
71,86.4
72,88.2
73,88.56
74,88.56
75,89.68
76,88.44
77,89.36
78,89.04
79,89.24
80,89.64
81,88.12
82,88.76
83,87.04
84,87.2
85,87.64
86,87.8
87,87.84
88,88.16
89,87.64
90,88.08
91,88.28
92,87.4
93,88.08
94,88.4
95,87.68
96,87.76
97,88.28
98,88.12
99,88.6
100,87.64
101,87.8
