Čas [rok],Obsadená časť [%]
1,-9.7
2,72.53
3,89.49
4,89.53
5,89.48
6,89.35
7,89.21
8,89.77
9,89.41
10,89.86
11,89.56
12,89.47
13,89.44
14,89.67
15,89.46
16,89.11
17,89.34
18,89.44
19,89.65
20,89.37
21,89.66
22,89
23,89.71
24,89.37
25,89.84
26,89.3
27,89.6
28,89.84
29,89.09
30,89.63
31,89.59
32,89.01
33,89.48
34,89.61
35,89.51
36,89.19
37,89.41
38,89.83
39,89.15
40,89.45
41,89.8
42,89.37
43,89.78
44,89.52
45,89.34
46,89.37
47,89.57
48,89.29
49,89.57
50,89.53
51,89.28
52,69.89
53,89.69
54,89.45
55,89.26
56,89.62
57,89.44
58,89.86
59,89.64
60,89.71
61,89.73
62,89.38
63,89.1
64,89.42
65,89.38
66,89.57
67,89.38
68,89.39
69,89.56
70,89.64
71,89.07
72,89.62
73,89.54
74,89.2
75,89.46
76,89.48
77,89.71
78,89.67
79,89.41
80,89.45
81,89.52
82,89.49
83,89.72
84,89.48
85,89.18
86,89.36
87,89.42
88,89.74
89,89.48
90,89.72
91,89.77
92,89.48
93,89.46
94,89.19
95,89.17
96,89.46
97,89.35
98,89.16
99,89.13
100,89.29
101,89.16
